398
 561
 300
 753
 726
 265
 613
 46
 945
 895
 929
 477
 574
 387
 841
 857
 317
 632
 644
 854
 617
 864
 51
 766
 143
 416
 863
 337
 560
 924
 377
 291
 164
 414
 914
 1
 727
 107
 652
 412
 233
 934
 953
 369
 192
 426
 83
 16
 569
 826
 835
 572
 375
 163
 389
 146
 563
 981
 780
 61
 988
 533
 602
 338
 144
 767
 43
 191
 132
 898
 467
 825
 553
 420
 469
 431
 272
 856
 358
 73
 968
 668
 657
 829
 77
 344
 107
 402
 786
 620
 938
 422
 962
 226
 722
 182
 596
 436
 896
 893
 661
 118
 722
 950
 106
 15
 607
 701
 46
 333
 731
 259
 473
 399
 118
 328
 34
 662
 398
 527
 102
 270
 113
 980
 530
 817
 871
 1000
 717
 550
 743
 713
 217
 568
 834
 571
 660
 233
 557
 724
 610
 137
 483
 927
 989
 802
 58
 815
 583
 838
 596
 630
 367
 946
 449
 798
 227
 356
 475
 88
 581
 84
 226
 460
 801
 47
 593
 592
 462
 362
 649
 548
 475
 13
 340
 549
 291
 205
 845
 928
 84
 214
 22
 410
 381
 745
 386
 910
 382
 747
 100
 326
 436
 486
 47
 213
 133
 284
 848
 37
 864
 768
 737
 957
 785
 864
 16
 949
 564
 16
 287
 884
 152
 600
 748
 450
 814
 538
 268
 82
 114
 660
 68
 18
 401
 589
 744
 254
 491
 397
 591
 817
 396
 829
 815
 470
 869
 58
 669
 839
 864
 188
 416
 867
 196
 732
 223
 221
 285
 509
 199
 587
 800
 393
 145
 516
 5
 463
 452
 901
 414
 972
 567
 662
 687
 1
 170
 344
 383
 819
 677
 282
 958
 216
 704
 29
 879
 504
 413
 780
 744
 618
 651
 432
 71
 402
 549
 595
 184
 799
 139
 211
 692
 753
 430
 490
 548
 586
 457
 107
 238
 140
 95
 463
 183
 676
 616
 794
 426
 278
 272
 303
 88
 442
 465
 131
 120
 141
 479
 848
 745
 290
 836
 440
 446
 410
 358
 502
 193
 130
 166
 255
 371
 637
 267
 454
 586
 921
 286
 321
 548
 806
 126
 854
 84
 564
 775
 930
 395
 924
 815
 291
 672
 714
 945
 116
 515
 313
 206
 89
 246
 256
 80
 788
 973
 620
 912
 143
 88
 846
 611
 739
 750
 302
 361
 617
 444
 648
 319
 814
 599
 62
 957
 292
 590
 622
 697
 271
 532
 758
 277
 461
 436
 901
 887
 906
 797
 331
 504
 610
 248
 964
 624
 216
 24
 144
 504
 591
 450
 367
 895
 503
 996
 724
 681
 35
 763
 647
 388
 904
 920
 199
 861
 480
 667
 544
 803
 384
 82
 705
 962
 983
 803
 793
 419
 352
 689
 868
 298
 201
 860
 8
 673
 757
 340
 77
 51
 359
 862
 500
 914
 520
 824
 790
 461
 827
 482
 977
 644
 895
 629
 303
 190
 45
 361
 167
 694
 786
 553
 240
 9
 223
 538
 635
 883
 1000
 173
 145
 811
 761
 200
 365
 772
 127
 483
 378
 29
 374
 601
 536
 595
 687
 726
 451
 540
 933
 937
 461
 208
 128
 450
 654
 276
 785
 757
 625
 127
 463
 63
 720
 153
 785
 264
 578
 752
 701
 858
 436
 196
 41
 850
 870
 366
 208
 452
 568
 45
 671
 955
 364
 89
 256
 1
 733
 27
 903
 428
 129
 300
 579
 603
 451
 485
 631
 647
 716
 783
 722
 701
 667
 116
 403
 994
 938
 806
 873
 912
 67
 255
 99
 713
 643
 528
 483
 89
 494
 102
 944
 641
 147
 898
 820
 640
 681
 199
 619
 349
 666
 89
 405
 19
 703
 621
 390
 908
 244
 595
 908
 465
 758
 635
 480
 680
 842
 551
 697
 616
 879
 325
 397
 353
 455
 249
 90
 583
 218
 136
 884
 313
 396
 495
 240
 148
 568
 757
 48
 638
 605
 478
 735
 264
 144
 402
 432
 739
 818
 13
 450
 46
 299
 200
 871
 166
 910
 48
 333
 560
 263
 814
 756
 587
 419
 655
 145
 610
 751
 789
 778
 872
 380
 261
 515
 484
 889
 914
 921
 104
 737
 138
 333
 796
 319
 751
 91
 624
 375
 289
 692
 26
 711
 43
 145
 861
 790
 595
 81
 787
 667
 661
 404
 475
 473
 658
 912
 558
 122
 821
 36
 471
 546
 214
 908
 378
 669
 147
 908
 375
 563
 796
 120
 158
 386
 237
 316
 764
 877
 865
 511
 783
 893
 69
 29
 647
 637
 675
 94
 478
 130
 449
 985
 873
 34
 361
 469
 23
 772
 306
 753
 705
 729
 527
 233
 227
 273
 870
 652
 803
 361
 387
 333
 727
 931
 390
 951
 299
 399
 386
 196
 955
 361
 576
 863
 518
 771
 300
 121
 524
 748
 597
 713
 617
 441
 971
 455
 690
 587
 556
 195
 119
 465
 680
 249
 306
 751
 750
 280
 448
 599
 230
 627
 261
 960
 192
 352
 21
 636
 813
 863
 160
 878
 605
 997
 445
 275
 752
 642
 866
 400
 665
 31
 267
 725
 328
 396
 697
 945
 191
 785
 285
 854
 247
 764
 926
 766
 507
 18
 870
 821
 285
 737
 540
 137
 128
 165
 702
 192
 791
 457
 260
 785
 12
 441
 437
 222
 514
 718
 100
 103
 735
 586
 643
 859
 5
 484
 35
 547
 712
 782
 731
 295
 933
 285
 991
 661
 648
 129
 307
 391
 606
 998
 240
 205
 861
 289
 229
 346
 488
 591
 506
 211
 392
 923
 993
 390
 975
 638
 399
 463
 911
 452
 370
 641
 571
 788
 634
 515
 164
 921
 284
 152
 550
 631
 357
 52
 460
 791
 420
 804
 97
 431
 932
 645
 312
 387
 984
 231
 927
 113
 384
 907
 960
 188
 267
 915
 848
 494
 613
 458
 819
 996
 603
 68
 344
 229
 260
 646
 736
 283
 122
 841
 789
 853
 649
 547
 937
 692
 368
 247
 461
 996
 382
 894
 163
 269
 239
 790
 477
 923
 95
 178
 511
 91
 101
 738
 2
 864
 316
 540
 371
 756
 390
 251
 76
 978
 954
 151
 618
 204
 72
 613
 775
 880
 274
 905
 272
 97
 45
 481
 769
 563
 272
 292
 583
 366
 565
 146
 142
 647
 222
 373
 957
 787
 921
 673
 303
 198
 702
 920
 691
 340