 9962
 2703
 1790
 9513
 439
 3393
 917
 9906
 8909
 6091
 1618
 807
 263
 8222
 5287
 1731
 1079
 7954
 7591
 1979
 5388
 6897
 3193
 8422
 384
 1156
 9041
 7870
 5061
 6506
 5038
 5479
 1457
 4096
 1710
 1200
 2391
 5806
 7545
 984
 200
 3998
 6204
 5651
 442
 5858
 6308
 3053
 2664
 438
 8462
 1534
 7114
 3076
 2652
 6926
 6550
 8519
 1947
 458
 1127
 1442
 8835
 7224
 429
 7825
 4158
 2408
 629
 2048
 4797
 2156
 8523
 4859
 6391
 1994
 141
 7974
 8163
 9502
 881
 6350
 137
 8181
 6282
 4783
 8116
 7944
 7431
 9880
 2266
 5973
 5677
 1900
 815
 2309
 8038
 1994
 2390
 937
 7177
 9151
 4234
 3094
 4748
 7642
 700
 5235
 2424
 176
 7310
 528
 4508
 9250
 128
 7577
 9652
 2700
 1896
 1659
 2363
 4351
 1927
 8519
 127
 3521
 7338
 9845
 3445
 1155
 8174
 1994
 3532
 6979
 7224
 1725
 4981
 3299
 2771
 5414
 7059
 4746
 11
 9368
 2016
 9146
 5530
 2786
 4529
 1410
 3345
 9280
 8683
 9188
 6282
 4071
 6438
 8617
 9035
 9968
 7200
 772
 2238
 3732
 37
 3764
 2798
 2538
 2254
 9230
 8596
 7212
 5431
 8491
 8499
 289
 4342
 798
 9633
 1511
 8761
 4489
 5015
 5806
 9582
 9167
 4731
 8781
 2649
 6797
 9740
 8303
 9554
 1061
 9357
 638
 2045
 5035
 7030
 8276
 8222
 6516
 6519
 2717
 2236
 1051
 974
 1345
 8277
 9878
 2539
 560
 3506
 9416
 3730
 1727
 717
 2745
 97
 674
 1808
 3267
 4787
 7034
 4912
 4222
 7732
 2913
 6522
 9150
 7494
 2708
 9773
 3755
 8307
 1425
 2712
 434
 7140
 6080
 5845
 1274
 9473
 9686
 470
 3737
 2282
 4088
 206
 7592
 4789
 2414
 1348
 532
 1017
 6600
 7380
 599
 2379
 7093
 5446
 5607
 4967
 3393
 723
 7693
 2545
 4702
 7109
 4712
 8204
 9063
 5998
 4626
 779
 3281
 7436
 595
 2198
 8195
 7563
 598
 6336
 2376
 5404
 5001
 1238
 1234
 757
 824
 1738
 9889
 6873
 8428
 4497
 6148
 6281
 2592
 8473
 4095
 7290
 7557
 4112
 1422
 1849
 486
 4689
 3145
 2733
 430
 2048
 376
 6460
 2329
 151
 5273
 2496
 377
 2530
 655
 235
 3674
 8297
 8189
 6633
 7
 9867
 5044
 6886
 9166
 2147
 5786
 2895
 5473
 6310
 7004
 6205
 4159
 9018
 5717
 2463
 4819
 830
 7982
 5799
 3643
 4005
 3224
 1689
 427
 708
 3912
 3471
 2675
 7967
 7987
 9408
 2799
 3599
 715
 1602
 9037
 279
 7832
 6877
 5028
 2215
 1754
 8802
 4627
 2240
 9309
 1580
 2632
 4584
 9390
 5878
 770
 8017
 5758
 7054
 7289
 4790
 2773
 2280
 7804
 9013
 5448
 4885
 395
 6947
 2046
 4726
 1351
 1932
 1232
 5499
 1158
 3514
 1567
 769
 2860
 2409
 2410
 2812
 1110
 5320
 4000
 3921
 1928
 194
 2578
 1511
 8698
 830
 2797
 5406
 8254
 2051
 8615
 1601
 917
 5440
 8951
 1944
 1699
 4059
 1626
 2802
 8864
 5097
 8900
 1233
 3504
 5470
 916
 4966
 7557
 3781
 5003
 9614
 2852
 6433
 9725
 8525
 9686
 3621
 568
 1290
 6895
 5585
 8470
 3099
 852
 574
 2366
 8643
 9352
 5965
 992
 1672
 8744
 6122
 7232
 7946
 3193
 6951
 2594
 4626
 4878
 2214
 1079
 4039
 4654
 9446
 8951
 4870
 885
 6691
 6464
 9763
 1353
 471
 5101
 1771
 6752
 2581
 1482
 7132
 8336
 2071
 2551
 7
 1464
 7254
 8300
 8357
 7773
 5803
 2620
 1688
 6039
 4372
 4701
 739
 3198
 2601
 1111
 5101
 1294
 2303
 6346
 8657
 8467
 2684
 6005
 7785
 769
 5964
 2052
 6653
 9122
 9156
 330
 4551
 8822
 2357
 4864
 6841
 2310
 7796
 3580
 9361
 2378
 2743
 9365
 1883
 3564
 8850
 4469
 9847
 4444
 1458
 2641
 1661
 5988
 3322
 8854
 7390
 655
 8429
 8084
 3373
 5862
 9115
 6831
 9822
 7148
 2335
 6243
 7470
 2779
 6584
 2696
 4164
 5293
 3015
 6822
 406
 48
 1800
 7467
 286
 7764
 9429
 3259
 4926
 6422
 8599
 423
 7377
 4226
 4718
 1841
 3157
 7460
 4499
 3662
 3654
 1136
 4060
 7245
 8477
 2676
 944
 4600
 3161
 9018
 683
 8153
 2332
 626
 7412
 415
 3673
 447
 7454
 2672
 1532
 8720
 7084
 432
 2315
 4898
 8
 9379
 3259
 6500
 4677
 2608
 4423
 8316
 371
 3704
 5021
 9176
 2004
 8565
 6728
 616
 1677
 1621
 1685
 2490
 3998
 8265
 5040
 2821
 2742
 841
 4255
 1050
 8001
 7707
 5619
 3383
 2051
 7779
 3402
 319
 9673
 1789
 9351
 6279
 3918
 2473
 4726
 8673
 8779
 8503
 3018
 8286
 1731
 355
 1114
 7584
 7758
 6146
 2732
 814
 2308
 1518
 7264
 5260
 4621
 4013
 8481
 4298
 3494
 2377
 7463
 9931
 1863
 7804
 7904
 985
 7779
 4203
 3840
 9542
 2639
 2965
 1799
 4758
 9782
 203
 5730
 8764
 7244
 1057
 2868
 4883
 6370
 2246
 4422
 718
 9177
 225
 8173
 9553
 9563
 7836
 1788
 33
 3206
 6358
 1161
 8457
 6538
 564
 1076
 1072
 2838
 6215
 2309
 8359
 734
 804
 7573
 3639
 6127
 175
 5953
 6618
 3878
 3289
 9290
 472
 2414
 157
 9744
 1126
 8680
 6005
 1344
 8378
 1856
 562
 5211
 321
 6285
 8716
 4841
 4533
 5449
 3318
 5406
 3017
 9298
 54
 2844
 727
 5969
 2548
 1961
 7677
 5289
 4241
 2355
 1250
 6802
 6729
 1553
 4895
 5238
 828
 6331
 2556
 7243
 8169
 2221
 8264
 4611
 2380
 2168
 5950
 2736
 586
 5257
 5492
 620
 9642
 206
 6069
 7912
 4631
 9718
 2546
 9795
 179
 2729
 7300
 3325
 3038
 8040
 8502
 3437
 4504
 8342
 5984
 7760
 4339
 2135
 5110
 2307
 3532
 8087
 9491
 1011
 7899
 8271
 5376
 6882
 2280
 9715
 3850
 989
 289
 8592
 4083
 860
 2746
 292
 1015
 9161
 6820
 1422
 7953
 677
 4721
 1432
 7455
 3079
 1639
 6513
 5444
 9974
 5171
 6256
 4076
 7241
 8079
 5238
 5093
 3469
 8935
 1124
 8541
 6583
 8025
 1261
 2438
 5147
 9068
 3549
 5073
 1069
 3218
 9994
 7626
 3093
 1264
 1049
 3280
 6296
 1741
 1924
 520
 5876
 4089
 2795
 7842
 748
 8593
 9193
 9900
 7269
 1600
 3880
 2757
 6736
 984
 8183
 3365
 826
 7297
 699
 3068
 3696
 2017
 7060
 6424
 1094
 1101
 2338
 682
 90
 2030
 2711
 587
 8085
 2568
 5214
 9835
 1506
 8775
 9245
 651
 9442
 8827
 8823
 1100
 7534
 2485
 8661
 5447
 335
 9378
 4102
 5038
 1275
 4872
 7540
 4386
 1056
 3295
 2906
 1639
 7798
 1762
 7603
 2565
 640
 9446
 3491
 6625
 772
 906
 7820
 1035
 7115
 1887
 9258
 153
 1259
 7721
 9776
 5636
 9315
 8279
 5815
 5777
 8694
 9152
 1363
 8850
 8091
 2399
 6217
 1806
 2340
 9296
 4798
 671
 783
 1819
 4530
 5690
 8762
 1905
 653
 341
 3386
 1380
 2648
 180
 7005
 9292
 1919
 8180
 7677
 5223
 7589
 3755
 7656
 8561
 1769
 5519
 1583
 3988
 3735
 6055
 8988
 8705
 6882
 9183
 1096
 7808
 2161
 2032
 2507
 5028
 1256
 5151
 8389
 627
 6153
 660
 1756
 4437
 8794
 159
 1303
 7995
 2568
 2198
 6059
 6978
 844
 161
 9652
 199
 1085
 4010
 6438
 8701
 8679
 3519
 6292
 6556
 1610
 8794
 6929
 2013
 6454
 419
 8229
 2276
 1093
 291
 7618
 7805
 1881
 9789
 343
 4330
 6361
 2473
 3077
 5691
 2918
 1376
 3617
 5887
 2514
 6207
 2969
 7099
 1091
 6389
 891
 5465
 565
 3871
 9298
 3698
 6382
 1159
 513
 1694
 8485
 6984
 9045
 8683
 1509
 9814
 8151
 6829
 8735
 699
 6847
 629
 1166
 8900
 4607
 9701
 5807
 2398
 9215
 1891
 8336
 8875
 916
 1260
 6408
 1609
 2007
 1099
 7256
 757
 6051
 8042
 6272
 7868
 8383
 3768
 3013
 4114
 7885
 8043
 6386
 4982
 6785
 9592
 6540
 1462
 4182
 6849
 9067
 4319
 926
 1246
 5173
 9352
 2825
 623
 685
 8335
 5336
 4337
 301
 5428
 5457
 4271
 6559
 6517
 7558
 7163
 578
 1097
 369
 7085
 5706
 4337
 2963
 3323
 8841
 7228
 942
 2490
 1166
 154
 7279
 5204
 9675
 4563
 112
 9562
 9099
 1289
 9148
 6475
 2819
 5915
 9781
 4358
 3913
 2956
 6387
 4845
 8930
 3075
 3469
 1323
 16
 2532
 6109
 1671
 108
 8895
 9455
 6649
 9600
 4535
 1498
 5676
 457
 6854
 5010
 2340
 9819
 2463
 1197
 2451
 2661
 9636
 7109
 7767
 4294
 1961
 2573
 2965
 576
 9657
 6552
 9148
 6795
 7015
 8230
 195
 6766
 9223
 256
 6533
 1562
 6847
 1926
 4751
 9447
 3096
 8487
 1478
 2403
 3065
 1585
 4606
 3752
 5766
 1497
 521
 6126
 1989
 6174
 6781
 6865
 513
 2185
 2745
 3220
 4450
 295
 5256
 7477
 4877
 3690
 8679
 1171
 7384
 3101
 4692
 1886
 1297
 247
 3288
 1646
 5215
 1073
 2694
 5030
 7385
 5739
 6900
 1994
 7942
 6828
 7258
 4159
 9221
 4441
 2553
 3394
 3485
 4552
 4462
 6987
 7047
 533
 7878
 2243
 8427
 837
 6868
 789
 9529
 1497
 5105
 961
 8554
 7237
 8339
 7046
 9333
 6898
 2209
 1409
 6709
 4832
 1702
 7665
 1115
 1664
 2805
 8349
 9217
 9441
 4524
 3352
 5295
 3065
 9947
 2755
 1473
 1607
 54
 8020
 1464
 9414
 5289
 8998
 3632
 8309
 3341
 2593
 354
 2469
 2776
 3579
 7163
 2834
 3129
 7599
 2669
 8166
 3220
 6045
 420
 218
 4026
 2402
 2011
 7838
 1726
 7610
 7232
 4235
 435
 451
 3606
 8214
 3226
 3028
 2986
 2104
 1370
 6077
 9256
 2525
 5952
 1873
 9086
 1370
 890
 5793
 3185
 6994
 79
 1371
 3391
 2794
 4498
 6051
 9653
 7371
 3846
 4176
 98
 968
 8835
 6571
 5291
 2545
 3785
 2787
 1136
 7096
 9045
 6917
 4911
 7570
 114
 6586
 4248
 559
 4514
 9088
 2033
 2701
 685
 6142
 8107
 2666
 2105
 9522
 6276
 5689
 5195
 8446
 6446
 2568
 3485
 4339
 8688
 4095
 3937
 7708
 3515
 8571
 6548
 7838
 4560
 6843
 7430
 478
 3632
 8411
 937
 4868
 1412
 1344
 5064
 1870
 8222
 450
 4890
 3048
 2768
 17
 151
 1643
 1867
 1521
 26
 6099
 8795
 520
 599
 8614
 305
 5242
 5312
 7650
 5505
 9394
 5555
 7702
 4670
 8052
 1734
 2131
 4658
 2176
 2565
 4228
 4914
 4650
 1067
 1244
 8385
 152
 7951
 3615
 5635
 4364
 5969
 6436
 6213
 979
 4486
 6025
 5372
 5405
 336
 2936
 7883
 1933
 8705
 2104
 6777
 2195
 3121
 2119
 9635
 1496
 3566
 5815
 269
 8890
 3492
 8198
 9678
 793
 2254
 2211
 4541
 2753
 6235
 1549
 4375
 3369
 5636
 158
 4563
 2475
 6796
 9128
 199
 5445
 3817
 4463
 3051
 9744
 1491
 4919
 2575
 1567
 3931
 1695
 1129
 9145
 2430
 6847
 6033
 9211
 1578
 6669
 3521
 9000
 3151
 2646
 9543
 4322
 1273
 9852
 173
 7758
 46
 1131
 8251
 7954
 9923
 5248
 5803
 8114
 2340
 1164
 9774
 6156
 3315
 8325
 8013
 977
 7249
 3437
 7970
 3109
 7163
 7624
 5031
 5000
 918
 7016
 815
 1974
 718
 1947
 6484
 9372
 1772
 1000
 3441
 2380
 6006
 3557
 2097
 3683
 1339
 6493
 3128
 5000
 5167
 1856
 3425
 8904
 260
 1995
 7767
 7232
 1274
 3705
 9671
 7771
 9448
 9722
 5653
 5965
 8779
 7444
 8687
 8862
 2142
 5799
 5536
 6987
 379
 9253
 7141
 2409
 1569
 930
 133
 2107
 8423
 2600
 3548
 5959
 1183
 2622
 4377
 6756
 5503
 4938
 8329
 2215
 9452
 1908
 6051
 9134
 4055
 5965
 6726
 7356
 7661
 369
 1599
 7702
 9609
 5289
 3664
 9837
 7981
 2275
 8349
 7453
 5810
 3333
 6552
 8598
 8844
 3200
 8512
 6665
 1393
 1042
 37
 2821
 2890
 799
 5136
 1362
 635
 7905
 6993
 3869
 2240
 8397
 4296
 4726
 8521
 9847
 840
 4935
 5704
 569
 936
 2518
 1080
 992
 9820
 1164
 2240
 456
 2020
 2375
 9816
 361
 5812
 7500
 5292
 3090
 6100
 5729
 1934
 9509
 5096
 2539
 7201
 6883
 6354
 2531
 5731
 809
 8758
 6254
 4506
 5771
 1119
 285
 9010
 6672
 7184
 2050
 7782
 3358
 6814
 9109
 4366
 4776
 1420
 5446
 7895
 2629
 7735
 9587
 4089
 2259
 5859
 4316
 1269
 7835
 1637
 3253
 878
 1911
 5026
 4700
 6026
 4545
 7720
 2476
 5400
 6702
 8924
 3073
 980
 5259
 7636
 2524
 7960
 6486
 774
 4809
 1046
 2737
 6128
 9024
 9796
 9026
 554
 3577
 5046
 9342
 1305
 1604
 1858
 423
 3701
 4599
 2080
 5172
 5165
 4009
 4305
 8801
 73
 8399
 3058
 4518
 4832
 5316
 1777
 5692
 2539
 7791
 5263
 8348
 8505
 8863
 6
 2378
 9669
 7050
 2076
 5571
 9350
 5495
 361
 3939
 5285
 7096
 9126
 3707
 708
 9613
 6342
 7617
 9341
 7316
 1577
 39
 4344
 613
 2479
 6752
 1825
 7246
 5706
 9408
 2154
 5434
 9463
 1812
 140
 6583
 2239
 5699
 8132
 1575
 1864
 8051
 9500
 8455
 1025
 2286
 8903
 9983
 4846
 4726
 1889
 1466
 7041
 4039
 6646
 1351
 8826
 8188
 2962
 8382
 9408
 4709
 9961
 1031
 1168
 3751
 888
 6375
 8357
 7749
 75
 764
 1802
 2509
 5280
 2828
 9052
 5286
 2668
 9017
 5250
 4169
 397
 7608
 4593
 7581
 6112
 3665
 6763
 983
 6724
 1529
 6345
 818
 2111
 9455
 6377
 1548
 47
 5748
 665
 4753
 435
 2718
 7700
 3995
 5243
 2255
 812
 4234
 3293
 417
 170
 1377
 2922
 389
 1250
 6737
 4416
 7965
 4330
 282
 8641
 2134
 5596
 383
 9924
 6009
 2905
 1017
 6667
 9140
 5729
 1359
 2836
 7525
 2577
 8885
 9524
 55
 2396
 130
 6593
 3856
 7085
 8710
 5038
 9578
 1435
 892
 8829
 7857
 5054
 5388
 2384
 7996
 1954
 8292
 2016
 7503
 6825
 3832
 7314
 8880
 5830
 1688
 5431
 617
 6007
 4945
 9171
 1277
 8994
 5591
 6752
 4974
 6196
 3761
 1539
 1759
 2517
 2741
 9455
 3990
 6256
 837
 9145
 4804
 1010
 6586
 5372
 1175
 5233
 2433
 2238
 9648
 7887
 4243
 7506
 5089
 7518
 2409
 7215
 5017
 438
 8239
 8018
 3683
 5958
 9977
 895
 4171
 5431
 5524
 9230
 211
 3511
 2558
 1028
 598
 2373
 6776
 7038
 4075
 9016
 2346
 901
 5707
 7924
 5304
 1183
 8310
 1503
 8436
 3138
 8259
 9505
 9013
 3007
 5863
 6923
 8806
 796
 1944
 9594
 1329
 3922
 7410
 6188
 6174
 425
 1305
 6450
 9222
 9664
 9217
 4550
 7101
 9217
 4747
 2143
 1696
 5876
 6384
 9538
 1579
 5635
 338
 8075
 4926
 1631
 1665
 6829
 7553
 8145
 7020
 758
 1717
 4899
 6905
 1911
 8701
 2336
 5207
 6594
 2061
 5960
 8353
 2004
 4385
 7849
 4038
 9686
 786
 2139
 4151
 5294
 5621
 2618
 8480
 5435
 3540
 4938
 7210
 8274
 1521
 1830
 4768
 4850
 2631
 6361
 9825
 6559
 2387
 2049
 2934
 796
 5044
 4240
 1973
 2570
 6047
 5605
 5973
 497
 8790
 586
 722
 5164
 8506
 8447
 2259
 8282
 190
 1272
 7354
 1042
 174
 1651
 4604
 2439
 7792
 8108
 4962
 8108
 873
 8532
 3007
 4458
 7395
 1183
 4835
 1231
 6398
 1580
 832
 5769
 6933
 4667
 1179
 4867
 2338
 6699
 6372
 720
 1828
 4577
 3993
 7014
 1600
 2159
 2136
 4268
 1462
 4468
 3684
 1719
 262
 9969
 1834
 4849
 7187
 7996
 4901
 5692
 1142
 5784
 8478
 261
 5286
 661
 9336
 2844
 8918
 2932
 635
 8723
 7647
 8861
 9455
 3558
 4656
 7124
 9788
 2954
 1219
 6442
 559
 1880
 8051
 3760
 9871
 2187
 5803
 1489
 7169
 2984
 8448
 4672
 3897
 4447
 8929
 7680
 514
 4095
 6973
 9155
 2752
 5678
 5686
 9269
 339
 1833
 4053
 1225
 5103
 2984
 7951
 6788
 6122
 4102
 1430
 6521
 3766
 5792
 5171
 9605
 9840
 1164
 7874
 2221
 5495
 7900
 1790
 5972
 6001
 9107
 4927
 8288
 7242
 2375
 1762
 5471
 1983
 8487
 9736
 1127
 6282
 4559
 3088
 9403
 718
 9386
 57
 8549
 6982
 2391
 7763
 4816
 2617
 8240
 4214
 3317
 2961
 374
 8342
 7545
 6892
 7697
 2597
 3540
 2050
 4247
 7769
 8277
 1225
 6730
 3040
 1012
 8341
 6983
 1376
 8248
 2355
 5291
 9444
 4890
 3640
 8889
 9364
 5194
 9478
 7083
 884
 2065
 2175
 6261
 832
 5543
 1949
 9632
 5030
 1797
 4705
 4133
 3381
 8557
 874
 8023
 7765
 7673
 6952
 6967
 8103
 113
 8849
 4866
 333
 4274
 212
 4062
 9069
 7179
 7597
 3285
 6531
 1785
 5833
 1825
 7589
 5942
 4202
 6776
 3130
 3629
 5085
 9514
 7117
 7249
 777
 7625
 9103
 5422
 139
 8631
 1867
 7392
 1216
 487
 398
 7411
 2754
 1325
 9287
 1739
 8423
 6231
 8427
 549
 7286
 6272
 252
 7550
 956
 3715
 8570
 4354
 6494
 2509
 2506
 3655
 1216
 6278
 1943
 556
 1045
 7969
 7350
 2540
 4743
 4481
 1471
 8695
 746
 4270
 201
 978
 9372
 6329
 9076
 1806
 9472
 685
 8237
 6471
 2715
 1591
 8877
 8510
 9054
 5415
 9155
 9913
 3973
 1286
 868
 7513
 5167
 3914
 1472
 6380
 688
 1273
 5078
 7269
 3251
 8363
 8075
 7065
 9364
 9474
 2375
 9290
 445
 3550
 7040
 2713
 1487
 4268
 4043
 1544
 8003
 9631
 7216
 8222
 641
 978
 7390
 8254
 5889
 1741
 5535
 2570
 1809
 5238
 9677
 3188
 4455
 2009
 6949
 7766
 8822
 891
 1915
 7651
 1686
 7996
 2702
 3581
 783
 475
 989
 887
 9238
 2270
 154
 9150
 7708
 6402
 4414
 8420
 1715
 5200
 5853
 9293
 2371
 2849
 651
 4030
 3660
 7187
 2480
 914
 4140
 4059
 8216
 6287
 5955
 4558
 4574
 1977
 5621
 3355
 3562
 1493
 5471
 4012
 4744
 3329
 1470
 7933
 7307
 2866
 3501
 1611
 9281
 1405
 2605
 529
 4777
 1050
 5290
 7118
 9795
 9942
 5980
 715
 8727
 5512
 9435
 5644
 2552
 870
 1447
 918
 2538
 921
 70
 4016
 5538
 4223
 1423
 4204
 8365
 8431
 4454
 8471
 8756
 8290
 1481
 4031
 9598
 9184
 8891
 5829
 2870
 1112
 975
 851
 591
 3157
 664
 6608
 9845
 8829
 3518
 3889
 2854
 4251
 1523
 7778
 5936
 896
 6870
 7638
 6813
 101
 1208
 6220
 7757
 7700
 5005
 7362
 2978
 8120
 6358
 5822
 1762
 6290
 7261
 6554
 2344
 7965
 6064
 1904
 204
 7253
 3057
 6790
 4676
 5779
 7901
 972
 7115
 8012
 4780
 6148
 3265
 5915
 4441
 8865
 3076
 4683
 2387
 5555
 6317
 6762
 4706
 8705
 4302
 7402
 8941
 2633
 4986
 666
 8876
 6164
 6229
 5909
 26
 2397
 6798
 6249
 5165
 9443
 794
 7531
 9161
 1437
 6340
 2057
 8258
 8894
 4817
 2655
 1569
 1898
 6872
 7694
 8840
 3495
 6098
 1978
 4393
 2151
 6446
 5667
 2996
 8661
 9993
 1863
 5887
 2814
 476
 5621
 1627
 2610
 4774
 7013
 9989
 3466
 3275
 6695
 3579
 2365
 3629
 633
 7535
 702
 1594
 2716
 6016
 3848
 1607
 7609
 3495
 4733
 8811
 4896
 7439
 6074
 7951
 5010
 842
 96
 8357
 7536
 6255
 8367
 165
 2386
 1512
 1523
 3776
 1677
 4747
 1043
 7935
 2159
 8471
 5608
 7132
 8381
 8610
 3595
 8595
 3023
 6560
 1026
 1098
 1193
 807
 6957
 4335
 3613
 1057
 91
 1089
 384
 4833
 6482
 321
 4107
 1177
 7615
 8938
 9139
 2923
 1339
 7775
 4682
 1295
 2975
 7061
 2151
 4117
 8441
 9841
 1476
 3708
 7167
 2018
 9382
 5122
 35
 1153
 6002
 2508
 7976
 2408
 9006
 1032
 8596
 5746
 6534
 3473
 4775
 9554
 3825
 7156
 8763
 8198
 2947
 9969
 188
 9117
 3475
 2387
 8729
 4198
 7360
 1027
 8619
 9979
 735
 9225
 1446
 2030
 6104
 8837
 1647
 6819
 7459
 9182
 6525
 9183
 8557
 6089
 9826
 8878
 767
 4380
 1771
 7563
 4528
 1651
 5654
 732
 8250
 8386
 4980
 6604
 2363
 572
 6335
 4781
 2973
 9844
 3662
 61
 679
 722
 7255
 4681
 3477
 7657
 6724
 6688
 4662
 8214
 3385
 8793
 1445
 1115
 692
 7542
 5371
 2237
 7110
 3499
 1586
 4971
 5122
 7002
 1005
 8672
 9523
 5921
 1334
 6059
 4866
 5495
 6551
 7581
 281
 1586
 9550
 5490
 3058
 7629
 475
 3315
 8787
 6408
 1019
 9003
 6030
 3120
 8714
 4665
 9475
 4241
 7813
 118
 3418
 1417
 8942
 392
 3950
 9822
 6435
 4837
 7883
 819
 8913
 7564
 4460
 7287
 1844
 9601
 4030
 1918
 610
 8055
 8697
 7461
 6634
 339
 160
 9824
 6167
 5070
 2535
 8406
 473
 1387
 2612
 9183
 9126
 9530
 3641
 2605
 6412
 5500
 4641
 1833
 3019
 328
 9017
 8463
 8513
 957
 2785
 8316
 6357
 3369
 1267
 2919
 4648
 1466
 2867
 6494
 2169
 1091
 3255
 8370
 2328
 1457
 1785
 7414
 109
 1390
 6411
 1780
 5850
 5254
 2779
 4881
 9726
 8728
 2503
 5954
 4156
 6719
 2642
 591
 6299
 6162
 1208
 5142
 7871
 4921
 8574
 2515
 8456
 1873
 701
 1742
 7049
 3665
 193
 2070
 507
 7246
 5565
 93
 8547
 892
 1809
 7924
 2722
 2662
 8959
 5833
 2588
 3632
 8794
 5821
 4620
 7610
 3184
 8955
 5557
 56
 1882
 582
 667
 2528
 2193
 7522
 8596
 3699
 1731
 4118
 7305
 2640
 966
 8912
 4753
 9862
 349
 1161
 8528
 760
 3449
 5562
 6843
 790
 1073
 4400
 2800
 2089
 6724
 573
 1716
 4110
 9262
 3935
 1740
 2440
 538
 8868
 6304
 6831
 472
 606
 317
 9085
 7967
 2067
 3931
 6427
 2724
 8104
 6494
 391
 4828
 9536
 3632
 7945
 9486
 31
 6223
 1015
 1308
 5908
 1266
 9445
 1827
 1894
 4674
 4192
 7873
 4174
 2567
 6221
 6823
 1894
 6657
 9597
 5712
 320
 1992
 8277
 5137
 1114
 1574
 4891
 208
 1840
 4419
 4435
 1450
 4195
 7569
 1771
 2975
 569
 6649
 771
 3633
 1556
 837
 7410
 9054
 5991
 2384
 5684
 4137
 6119
 1803
 8696
 9904
 1358
 9602
 2682
 1193
 4790
 8782
 1868
 495
 724
 7116
 4714
 716
 9986
 9582
 478
 8790
 4322
 8448
 689
 7839
 3328
 9965
 4916
 5496
 8264
 3811
 3086
 5942
 7495
 9605
 4102
 3432
 7030
 5568
 2035
 9143
 8116
 1504
 4898
 2078
 4131
 6083
 1128
 9517
 2743
 6142
 1992
 4073
 6634
 4767
 1383
 2246
 3699
 787
 6575
 6871
 167
 3049
 6945
 9333
 785
 5670
 3342
 6815
 8879
 8986
 3848
 9105
 2317
 419
 1828
 680
 6934
 7664
 1139
 6420
 1111
 8425
 8209
 5167
 1126
 4622
 2925
 365
 6931
 1469
 5450
 3876
 2271
 8280
 3670
 9887
 6826
 9509
 4377
 4990
 8145
 9864
 752
 6911
 1928
 7342
 9243
 4739
 931
 9116
 9028
 170
 2588
 5975
 1457
 2208
 8352
 9013
 3275
 2045
 603
 9172
 8879
 999
 373
 9673
 6485
 9515
 1468
 7932
 9440
 7756
 228
 7426
 3269
 4730
 7565
 1387
 9695
 9255
 4852
 7981
 2498
 6918
 2445
 5633
 8335
 3589
 8559
 924
 9976
 7309
 2832
 7729
 7396
 983
 3363
 8308
 6501
 3074
 6638
 3346
 9496
 7634
 4689
 112
 8733
 7674
 3156
 4497
 8
 7485
 7121
 7180
 8839
 1921
 9266
 5373
 4180
 1494
 8924
 4251
 8461
 822
 588
 5498
 5811
 7597
 3664
 18
 5488
 7291
 7577
 3759
 1484
 935
 6319
 2810
 2369
 2726
 7638
 6984
 206
 3709
 4785
 9922
 3225
 6147
 9412
 469
 8600
 6362
 3549
 7642
 6514
 1888
 3078
 6440
 3202
 8401
 9556
 9849
 9260
 6303
 68
 4475
 2147
 4996
 8535
 7928
 57
 4279
 8794
 9224
 7352
 3230
 5660
 325
 5953
 6899
 8090
 4559
 1635
 6890
 3469
 3425
 7039
 2754
 1126
 7348
 9082
 3674
 9016
 995
 7058
 8885
 439
 9166
 8660
 5409
 9984
 482
 7261
 1364
 2185
 4425
 4479
 2377
 650
 4495
 9671
 4426
 1052
 5813
 7597
 1101
 6641
 8681
 8060
 2004
 7797
 3381
 7234
 8560
 2483
 9702
 7706
 1222
 3866
 4336
 6936
 1557
 7938
 1313
 1796
 7654
 2218
 4163
 6123
 1269
 8660
 2214
 9379
 847
 9059
 9069
 5070
 2508
 7955
 1400
 2720
 8400
 538
 6994
 180
 2620
 6253
 7596
 5147
 4138
 534
 9321
 2695
 3849
 2133
 3867
 9368
 9765
 5541
 7311
 2788
 5515
 2752
 8020
 732
 8459
 7254
 8161
 8605
 111
 1994
 1559
 2052
 8107
 9037
 6245
 4710
 3046
 7391
 3819
 3983
 5864
 1170
 9058
 9321
 948
 2002
 1882
 799
 3416
 418
 8339
 9250
 7282
 7385
 2896
 1740
 1430
 3021
 3592
 5955
 7773
 1966
 1119
 3904
 1936
 6294
 2021
 8049
 4213
 1584
 1197
 5628
 2041
 887
 5777
 5
 8079
 8368
 2772
 9266
 1735
 122
 7320
 6252
 4227
 2244
 1505
 9993
 8567
 2592
 394
 7448
 9311
 1848
 182
 6780
 5332
 4158
 3578
 7229
 7058
 4216
 4537
 9387
 7412
 1499
 79
 1141
 3185
 1751
 403
 5833
 5260
 4004
 7159
 6044
 7798
 8411
 3265
 6508
 1622
 7208
 1967
 1076
 2332
 4239
 1910
 1536
 1154
 2252
 4700
 2482
 6308
 4831
 5095
 2452
 2434
 1976
 8165
 7855
 771
 9600
 621
 3915
 9164
 1960
 8054
 2376
 3234
 9429
 4039
 9117
 1452
 6957
 1775
 4638
 2700
 8667
 4838
 4147
 9664
 7977
 7539
 2775
 4948
 5438
 7807
 8831
 3898
 7990
 3529
 2316
 6365
 6290
 5724
 2050
 3266
 2735
 4111
 4969
 1263
 235
 8907
 9075
 6321
 9701
 6114
 6368
 5609
 4356
 5021
 8479
 5766
 348
 2615
 1350
 1449
 2204
 5129
 3187
 1541
 9595
 8037
 2660
 6518
 5893
 9991
 3892
 323
 1776
 3960
 5047
 6407
 996
 3861
 1688
 1900
 2154
 9648
 1536
 6201
 4691
 9429
 7978
 6238
 621
 2208
 181
 6380
 8226
 3197
 5306
 6971
 4625
 3616
 222
 3270
 6641
 8614
 8218
 6666
 4451
 7371
 2569
 4207
 7736
 7949
 5682
 1270
 499
 7105
 1383
 1716
 8288
 7013
 3981
 797
 1668
 2502
 9981
 3029
 3527
 4595
 90
 1971
 4224
 7793
 8916
 5223
 3695
 1536
 6156
 7101
 8369
 8638
 1769
 1234
 4479
 2827
 9370
 2150
 840
 8813
 5885
 9347
 9617
 8709
 176
 1038
 4138
 6977
 198
 8475
 7827
 6659
 9260
 197
 78
 930
 316
 1998
 4678
 5151
 3953
 2772
 1681
 427
 7309
 2310
 6642
 439
 8952
 1365
 3218
 2397
 9290
 5614
 5616
 6365
 8138
 3190
 6454
 7481
 9015
 8055
 5006
 4869
 7959
 2715
 4421
 8986
 271
 1478
 5839
 7834
 5747
 7768
 4155
 1001
 3662
 8819
 6568
 6410
 2979
 6987
 2056
 6615
 9045
 5292
 5684
 6581
 1797
 3664
 5889
 5927
 8890
 896
 8641
 4994
 3685
 2458
 5564
 5217
 8901
 2565
 5889
 8873
 792
 817
 5032
 1456
 8500
 4866
 6298
 2810
 7893
 5119
 9554
 7524
 9639
 1413
 7846
 2405
 7431
 738
 257
 7057
 8245
 7151
 6467
 3712
 9052
 845
 2364
 1247
 9525
 5187
 468
 2309
 5161
 9750
 7934
 184
 998
 3883
 2030
 6464
 9716
 3113
 1225
 2317
 8760
 803
 2588
 6101
 1977
 2868
 688
 1217
 7009
 7995
 8684
 9688
 6262
 7322
 9756
 4300
 6969
 3065
 4912
 1396
 8350
 8112
 1496
 3945
 9070
 7557
 5198
 5109
 2361
 4658
 3124
 2712
 5600
 4075
 1792
 3613
 4723
 383
 3318
 1581
 1078
 93
 4117
 5267
 937
 2585
 4916
 8896
 4791
 943
 5950
 7535
 9439
 8550
 7659
 5099
 2130
 3065
 322
 1231
 4860
 3618
 7387
 8799
 3623
 4568
 2570
 8406
 4540
 1019
 8665
 1391
 3387
 2205
 9589
 7544
 5517
 6435
 6636
 5155
 824
 9052
 5
 5182
 5395
 1121
 1681
 6070
 1099
 4142
 5456
 8232
 1365
 5728
 1159
 3497
 2260
 2176
 6193
 2086
 3726
 2687
 6723
 5022
 7306
 3042
 548
 4526
 332
 6080
 1485
 1565
 6100
 1417
 429
 6938
 5540
 6057
 2129
 2114
 97
 8317
 1746
 9799
 8380
 9669
 3199
 2557
 6913
 587
 8093
 1015
 4159
 6868
 6331
 4145
 6009
 7876
 2139
 1743
 829
 599
 9342
 1142
 8691
 5853
 271
 7385
 7080
 2693
 5347
 1320
 284
 5837
 2799
 4995
 7528
 3225
 4507
 7333
 20
 6210
 630
 7999
 72
 6289
 2410
 3266
 337
 237
 9201
 8402
 7575
 2016
 3399
 8039
 9869
 5665
 6738
 325
 6808
 3309
 6528
 2910
 6019
 3511
 4688
 406
 5554
 4355
 7700
 9240
 7222
 2013
 1397
 7832
 9121
 15
 2119
 5256
 3706
 7442
 734
 158
 6259
 1461
 161
 6470
 2409
 3484
 6734
 3236
 9404
 9291
 3103
 7869
 5935
 9171
 2108
 6295
 7090
 5659
 401
 5294
 8431
 1987
 3841
 6216
 241
 7285
 4234
 3051
 2732
 7838
 2667
 1885
 2153
 236
 1139
 6252
 7824
 1895
 1324
 1120
 4667
 2196
 6888
 8318
 7401
 6136
 2219
 2142
 3584
 4378
 9082
 5343
 9526
 1149
 6642
 6377
 1330
 1980
 2539
 2419
 7230
 5255
 622
 438
 1184
 9821
 6694
 4498
 4666
 2810
 8499
 7120
 7519
 995
 4708
 9207
 3750
 7055
 6342
 2179
 2676
 2392
 2455
 2067
 661
 2770
 2640
 5218
 4330
 9852
 6899
 4728
 2362
 85
 4386
 9121
 1634
 5265
 7728
 9454
 9151
 9164
 1483
 9131
 2462
 3757
 3930
 8322
 5361
 7295
 8259
 8782
 3285
 4524
 849
 978
 722
 1147
 4372
 3322
 1842
 6828
 489
 1410
 5414
 977
 3436
 7686
 6901
 7327
 8459
 9434
 7303
 6613
 6589
 1499
 7425
 1501
 8002
 742
 5809
 8785
 381
 6311
 524
 4703
 2367
 3188
 1798
 4367
 8534
 1563
 8818
 9013
 1494
 5033
 9019
 3139
 4182
 5101
 2738
 1408
 3646
 5581
 1113
 142
 896
 551
 7152
 9881
 917
 8218
 173
 4476
 3113
 3878
 9089
 7032
 1194
 5409
 3017
 8775
 1516
 6188
 5330
 8846
 2481
 2693
 6241
 1730
 2727
 5087
 5553
 4780
 8594
 4639
 8542
 223
 2876
 6295
 1506
 3657
 2746
 1496
 2270
 2809
 2721
 1507
 8796
 4720
 6520
 1650
 2242
 4507
 1104
 3733
 6570
 1712
 8258
 7087
 1647
 4006
 1031
 9506
 8570
 7658
 7454
 3415
 4590
 3888
 5161
 5187
 3777
 6070
 8569
 7991
 188
 8783
 700
 8439
 1813
 6687
 6387
 1517
 3307
 9954
 313
 8878
 2849
 7634
 6945
 9277
 8543
 9945
 4591
 2207
 5669
 9363
 6618
 4319
 7457
 6423
 2848
 1203
 1299
 3928
 2315
 4111
 7983
 2887
 9938
 8664
 8195
 8188
 6611
 219
 1546
 4533
 3552
 1055
 4064
 1277
 2743
 393
 4503
 6080
 4758
 1790
 3081
 6622
 4095
 5358
 9615
 1375
 7960
 9231
 2065
 9750
 2918
 5704
 8447
 4937
 8556
 4319
 352
 192
 1854
 8565
 6568
 1451
 7691
 8912
 3535
 1945
 7627
 1625
 304
 4438
 5349
 536
 2159
 3572
 2899
 1836
 2271
 6078
 1146
 3375
 6419
 2393
 933
 7610
 5875
 236
 3297
 5061
 1346
 2
 9022
 1889
 8413
 9405
 996
 2010
 4166
 6349
 2421
 2535
 3762
 6369
 1570
 1635
 9375
 1757
 4897
 193
 9835
 6125
 3820
 9724
 2593
 6424
 1917
 8573
 3301
 9577
 3369
 6992
 3826
 7866
 6635
 3897
 1393
 6418
 4195
 7427
 1213
 1377
 190
 2745
 5893
 5945
 1095
 1337
 3553
 7360
 6958
 4165
 9289
 3667
 6024
 8044
 8402
 5516
 4744
 1865
 8027
 5847
 2141
 9898
 23
 8674
 8219
 9428
 6859
 3235
 9407
 5924
 587
 254
 8381
 249
 9216
 1031
 8523
 6801
 1405
 8437
 4804
 3089
 2514
 9112
 4726
 2856
 9552
 3517
 1597
 4662
 7790
 7423
 5444
 8314
 1131
 6416
 6152
 2313
 1061
 7160
 1216
 7478
 553
 4684
 3914
 3102
 4988
 515
 5383
 8866
 1994
 5989
 1930
 1899
 6733
 8358
 6589
 9593
 4097
 3378
 7972
 1436
 7365
 936
 7734
 455
 6852
 3564
 7818
 290
 2821
 984
 8366
 1279
 8959
 9939
 5325
 9423
 1505
 4308
 4594
 5894
 2274
 120
 2376
 2828
 4068
 3859
 7973
 8437
 750
 3763
 7142
 3956
 7498
 9579
 5932
 3755
 315
 6159
 6679
 1158
 4164
 4059
 9298
 201
 7077
 1465
 1695
 8470
 4727
 3347
 7076
 7156
 8779
 3877
 1799
 9244
 3677
 1863
 3862
 3254
 7807
 2442
 1226
 660
 3203
 2032
 6653
 397
 2536
 3185
 9513
 5549
 8618
 1226
 6611
 4634
 2995
 7657
 9880
 6794
 422
 2359
 2374
 9444
 8702
 2181
 8094
 1812
 8994
 1339
 7240
 9891
 8683
 7356
 121
 7286
 5465
 3534
 7905
 7941
 4115
 1033
 3639
 9695
 8446
 6653
 9833
 5884
 8224
 3241
 46
 3779
 326
 8793
 6959
 4926
 6050
 1824
 5237
 9562
 1113
 7814
 9716
 643
 1916
 5556
 7033
 6864
 6772
 4814
 7392
 7003
 8004
 5199
 9690
 9892
 7418
 4459
 956
 7238
 8326
 5889
 1211
 9945
 4910
 9425
 2535
 8826
 8257
 5309
 7749
 8824
 938
 5073
 2594
 9792
 8392
 7031
 5716
 6332
 2812
 391
 2515
 6343
 5042
 1357
 8840
 804
 5268
 861
 3365
 8431
 9515
 2379
 4630
 340
 3383
 9286
 6662
 1744
 2337
 4244
 6229
 7061
 5343
 3460
 9640
 2529
 9656
 3648
 6001
 7152
 1848
 5810
 2065
 6705
 3958
 2584
 2812
 4391
 6005
 2027
 2907
 5649
 5896
 9660
 3175
 1149
 6457
 4432
 7669
 4568
 427
 4878
 9053
 1800
 9934
 6038
 480
 8798
 6836
 7445
 2729
 1926
 9810
 7638
 67
 817
 296
 1067
 2171
 981
 2373
 684
 4055
 2595
 1157
 9326
 4727
 3082
 9116
 9176
 6971
 3562
 9783
 6403
 7910
 7867
 1825
 2432
 5505
 7759
 8947
 2334
 2355
 3317
 6896
 700
 1935
 9551
 5792
 7468
 2495
 3735
 3083
 3352
 9280
 1117
 1337
 3145
 3245
 7988
 4007
 1622
 3985
 8046
 5549
 9882
 567
 3989
 9630
 3289
 3732
 2252
 4591
 9636
 6343
 4053
 2043
 6379
 7248
 4068
 3462
 6019
 5439
 5875
 1121
 4808
 2446
 5047
 5902
 1989
 466
 547
 9124
 8129
 9517
 2716
 9685
 8252
 9800
 3422
 5166
 4746
 1104
 4333
 3022
 5311
 9470
 7998
 1227
 1548
 811
 9206
 9745
 1129
 3203
 6226
 8205
 8084
 1577
 7433
 1130
 9673
 9740
 2736
 7353
 1618
 1305
 7021
 7574
 4624
 7233
 558
 4520
 9499
 493
 810
 8617
 2726
 2591
 775
 5320
 6871
 1594
 3486
 3435
 4614
 1300
 9213
 2024
 3
 7162
 3308
 1190
 9117
 3893
 4897
 8623
 3264
 9549
 9623
 4185
 2287
 2267
 9853
 8054
 8499
 3
 6635
 2568
 2658
 7106
 7450
 7769
 1267
 2724
 2949
 8442
 2929
 8553
 9322
 1770
 8414
 3848
 8614
 8138
 650
 133
 208
 4366
 9732
 8607
 2868
 2374
 3632
 381
 5827
 3790
 3722
 9131
 4280
 6723
 522
 2191
 9311
 7991
 4681
 7025
 4545
 3799
 2707
 1562
 6643
 907
 9421
 8748
 1280
 8077
 7544
 7906
 7444
 1982
 4246
 4233
 6618
 4581
 8460
 7600
 8600
 2329
 938
 8764
 2666
 8049
 3607
 5871
 4316
 1370
 6384
 4250
 7212
 890
 4147
 240
 1327
 8866
 2918
 364
 8450
 6073
 9406
 5510
 2676
 374
 3821
 179
 8883
 1134
 1211
 7723
 6660
 1935
 4168
 7790
 1623
 5868
 2145
 1177
 490
 7562
 2833
 3846
 6333
 8986
 1466
 6114
 1893
 1049
 2596
 4130
 6485
 8468
 6021
 9016
 3114
 7183
 8194
 1587
 2422
 248
 2036
 3398
 5791
 680
 8463
 3722
 8505
 4618
 5471
 2757
 385
 4959
 2579
 6653
 9275
 9712
 6911
 7416
 9695
 9894
 4861
 7942
 8191
 7799
 4580
 577
 3261
 6018
 892
 531
 3674
 9724
 1888
 7817
 4610
 2603
 9892
 9303
 7110
 6628
 5865
 4732
 5994
 688
 9663
 5975
 9856
 7045
 1211
 6762
 3380
 1042
 2682
 1086
 5594
 3418
 9684
 120
 453
 292
 4772
 3242
 1065
 2482
 7430
 1949
 2867
 482
 5554
 5901
 7688
 1042
 7481
 8373
 8299
 7847
 1917
 2045
 5571
 8383
 6966
 1777
 2732
 4404
 50
 2548
 7164
 2564
 2268
 6421
 3162
 1088
 9873
 1185
 5002
 9330
 9967
 5609
 4843
 5827
 3567
 7349
 9701
 3195
 9108
 4425
 2189
 9338
 2660
 3718
 1436
 5174
 1415
 6164
 4831
 8630
 9214
 1008
 3359
 4831
 1749
 3265
 7155
 2061
 5564
 7215
 6805
 3428
 2674
 3621
 5955
 4423
 5843
 4406
 1831
 2473
 6949
 2478
 4313
 8498
 4541
 619
 3379
 2292
 9207
 4172
 5125
 1102
 3445
 6536
 1082
 7697
 3879
 514
 1035
 1762
 2236
 3884
 7010
 3056
 4440
 9658
 6146
 5254
 9783
 4760
 9205
 8914
 4609
 2670
 757
 167
 5695
 995
 2080
 4191
 9629
 6128
 9126
 7942
 2576
 1670
 6453
 995
 7353
 1347
 8999
 1320
 1306
 7904
 905
 4381
 7721
 7935
 6495
 1575
 6579
 260
 6167
 4911
 3107
 8449
 3835
 688
 5283
 2790
 9131
 449
 9378
 4600
 7946
 4004
 1926
 5873
 2040
 2445
 9972
 3945
 8080
 2295
 6910
 8452
 226
 388
 7916
 444
 916
 5380
 8446
 2449
 6276
 7976
 2561
 1037
 2530
 678
 3488
 8108
 876
 5760
 9789
 6540
 5529
 1185
 7840
 2770
 2394
 2119
 2479
 878
 910
 3287
 5279
 3327
 7621
 4717
 5066
 5258
 616
 163
 1393
 2567
 2310
 740
 3267
 508
 3122
 8418
 1519
 1518
 7339
 9941
 9607
 3909
 8652
 1812
 7686
 2912
 5749
 2441
 4723
 1417
 185
 1632
 8134
 8330
 491
 8896
 3850
 992
 7938
 2621
 4147
 6014
 3492
 8189
 5698
 1941
 7490
 1994
 7143
 8979
 3296
 695
 4983
 1978
 4153
 5255
 2623
 9315
 5088
 954
 6727
 4754
 4202
 5097
 8218
 5116
 986
 8500
 1893
 5110
 2524
 9258
 4765
 2351
 1030
 5961
 9430
 2033
 7580
 2694
 850
 8916
 7204
 2544
 1174
 6563
 2777
 4080
 4835
 3619
 4308
 5859
 5924
 6786
 4087
 4027
 9300
 3341
 3867
 2531
 386
 4548
 2381
 4242
 6791
 6369
 7045
 9281
 1446
 6951
 935
 1616
 4149
 1143
 6733
 3430
 9148
 2329
 7029
 5128
 1996
 5465
 2055
 4940
 1618
 2256
 1034
 9198
 8939
 4053
 6951
 5107
 3466
 627
 2813
 4316
 328
 1485
 1175
 8493
 6139
 15
 699
 7519
 650
 710
 6005
 882
 6208
 6179
 7779
 3975
 5568
 348
 658
 1101
 3288
 1988
 137
 5658
 184
 5229
 8964
 9933
 5444
 6906
 260
 6657
 968
 3577
 6741
 1829
 2540
 1249
 2848
 3434
 8377
 1289
 3890
 7548
 2603
 6633
 1501
 2165
 807
 8997
 4429
 5134
 9518
 9047
 5486
 7191
 2642
 1772
 7852
 5833
 9737
 8562
 1226
 9946
 8096
 5455
 3511
 4336
 2626
 5062
 3423
 6666
 217
 1782
 174
 1196
 452
 9988
 4730
 1049
 3994
 6298
 6897
 4646
 1837
 8112
 5071
 6316
 4179
 8282
 3541
 9518
 7169
 3009
 2280
 1596
 9352
 6855
 3238
 7256
 9173
 3637
 1294
 4951
 4547
 9719
 6623
 4713
 9284
 3083
 6833
 6876
 6896
 4069
 8036
 670
 3645
 1639
 6950
 7059
 912
 6287
 9641
 54
 5971
 2050
 5588
 6066
 8935
 8903
 6888
 5875
 6204
 9703
 6470
 5832
 767
 5092
 4223
 3341
 6034
 6070
 5548
 8471
 5074
 3822
 1503
 6590
 8518
 2629
 2010
 9410
 5523
 1476
 1743
 7159
 1784
 6954
 8919
 1011
 3766
 729
 1879
 8906
 6847
 9298
 6255
 55
 6532
 7587
 405
 2974
 2279
 5182
 8674
 7856
 7880
 1227
 8475
 5374
 9134
 2928
 6739
 7634
 8948
 9233
 1887
 1834
 9351
 611
 2874
 54
 7325
 85
 2073
 1877
 8872
 1776
 8018
 9866
 6058
 5518
 4585
 9093
 4235
 4426
 4075
 8559
 2921
 1654
 3807
 646
 1120
 9395
 7689
 1962
 3146
 4636
 1328
 6807
 6361
 916
 8115
 3860
 6883
 1649
 552
 971
 7452
 7033
 3029
 6250
 9050
 5196
 9859
 2298
 5525
 1122
 751
 2846
 6062
 4631
 1570
 1149
 1970
 2195
 9780
 6900
 8334
 1391
 540
 3318
 2373
 4613
 3676
 1829
 2432
 8103
 7915
 4726
 7942
 8275
 4322
 8927
 1772
 1558
 1307
 8308
 4414
 5902
 4998
 4483
 9726
 9380
 9518
 5213
 6588
 346
 5228
 2918
 1288
 1201
 6442
 8798
 9892
 6223
 1419
 2097
 7757
 2447
 7369
 4028
 2027
 2024
 8831
 1889
 3207
 9235
 457
 733
 9341
 9943
 8712
 5976
 1826
 2055
 2922
 9052
 4519
 5103
 4617
 9225
 1503
 7163
 5170
 265
 7758
 3577
 7738
 8768
 3202
 1215
 2412
 422
 7110
 5344
 790
 7864
 4436
 2555
 8053
 9995
 7851
 7732
 6621
 5795
 9601
 2967
 734
 1235
 2715
 6571
 8595
 6533
 571
 6531
 2077
 2621
 4986
 7819
 5695
 7449
 4598
 6801
 219
 7804
 2461
 5841
 7262
 11
 9258
 7238
 4055
 9943
 7663
 4302
 9053
 2220
 7476
 4893
 8354
 986
 2767
 8164
 6178
 4290
 2805
 1796
 1729
 355
 8000
 637
 5652
 789
 1570
 4060
 9950
 6885
 1992
 4437
 910
 6835
 5266
 4237
 4871
 4009
 3906
 763
 3633
 8429
 4739
 2000
 3166
 4344
 3676
 8308
 3679
 6216
 6309
 4067
 2375
 8610
 5097
 4264
 8032
 9100
 6461
 4777
 4445
 7339
 7024
 899
 2768
 1736
 8308
 3127
 6125
 3513
 3580
 3237
 1887
 2941
 6165
 3688
 9002
 8007
 1850
 1507
 5776
 1998
 7442
 9690
 9783
 9348
 7517
 2548
 1627
 9734
 6480
 4894
 8528
 116
 6285
 4468
 2859
 690
 8023
 1484
 5426
 9358
 1092
 9460
 9872
 1939
 2019
 7981
 8910
 1021
 2800
 1111
 4446
 4525
 6357
 3632
 7866
 719
 5604
 6039
 5293
 8779
 8786
 54
 703
 9593
 374
 5999
 3415
 4569
 2307
 9973
 1292
 3105
 1026
 2174
 9245
 5880
 1892
 2600
 2386
 4787
 4982
 9946
 5570
 2029
 4230
 6093
 5286
 2157
 9876
 2443
 6254
 3826
 4333
 2822
 6994
 2498
 68
 6892
 2892
 9588
 8385
 7257
 6997
 8666
 4303
 7437
 7260
 9492
 3633
 7728
 910
 1361
 1493
 2452
 6786
 4870
 492
 1434
 7157
 9284
 2728
 8935
 1798
 5669
 630
 5464
 1570
 5143
 782
 9091
 6418
 2396
 665
 8928
 2259
 2305
 7555
 7385
 1239
 5166
 6113
 2174
 2410
 9614
 69
 3611
 4104
 5984
 8367
 942
 7805
 7308
 3958
 7076
 9277
 2138
 5143
 8867
 3349
 31
 2573
 7853
 6417
 8378
 5650
 9203
 6016
 942
 9285
 1928
 4101
 640
 3693
 9976
 1263
 1844
 317
 6185
 1899
 4274
 2104
 65
 776
 3791
 3542
 664
 7179
 4266
 4664
 1919
 468
 948
 137
 8977
 5377
 9955
 5333
 7529
 3650
 5545
 2638
 7060
 4365
 8544
 61
 3800
 6595
 7161
 7558
 1782
 1842
 4614
 1439
 3948
 6060
 6948
 3330
 2349
 1288
 125
 7008
 4901
 1976
 7868
 8345
 1576
 6923
 2754
 2730
 282
 2531
 3273
 934
 6549
 617
 8551
 7160
 1542
 1216
 2566
 3447
 7016
 5671
 8914
 5435
 198
 2867
 4578
 9807
 2555
 221
 986
 5480
 2252
 4439
 7584
 6709
 8072
 1973
 1134
 7416
 5231
 938
 871
 6596
 7473
 4272
 1837
 2422
 8024
 1612
 5715
 2585
 7353
 1793
 9519
 1413
 5047
 6852
 2370
 9640
 2248
 6496
 2394
 7175
 6412
 875
 4776
 9383
 1435
 2584
 6494
 4455
 2607
 7439
 7435
 4992
 2994
 5114
 8314
 2608
 6696
 4561
 5543
 1443
 3264
 4840
 3044
 9412
 7191
 8423
 8364
 1362
 4014
 1627
 3094
 2982
 2910
 5211
 9243
 7924
 7945
 2573
 6203
 7168
 9570
 5978
 2717
 595
 4047
 7455
 1094
 9966
 6238
 4981
 9948
 3902
 6838
 8884
 379
 4337
 2255
 8900
 5720
 920
 5445
 8260
 8868
 2045
 5273
 8894
 3139
 5767
 7192
 6890
 829
 8203
 4672
 787
 6053
 3589
 4881
 9511
 7560
 536
 9488
 9778
 872
 1250
 5170
 2525
 8378
 1043
 7254
 1587
 2717
 1664
 1907
 1877
 1468
 1763
 1189
 7054
 6502
 6517
 3778
 6089
 3516
 5695
 1698
 7010
 1898
 493
 3054
 6794
 9369
 8612
 8984
 7839
 916
 3878
 8668
 7195
 7098
 8179
 1669
 9004
 5524
 4354
 3154
 788
 4152
 6097
 2507
 4034
 1725
 1193
 6687
 8017
 5071
 8805
 8591
 9007
 5365
 8004
 9441
 7648
 1377
 9517
 8653
 1732
 2264
 5123
 1052
 2694
 6403
 8185
 7443
 119
 9893
 8855
 1178
 8907
 8911
 7262
 3537
 6162
 6320
 9913
 7141
 6121
 3344
 7716
 4688
 3122
 5614
 7457
 2687
 8785
 9944
 2361
 7656
 473
 524
 5728
 6587
 8887
 2125
 4524
 9608
 5884
 6696
 5207
 1281
 209
 3704
 2963
 9986
 678
 2918
 5741
 9678
 9451
 4917
 6405
 7324
 2147
 5229
 7597
 290
 4214
 2934
 7280
 6544
 598
 5352
 5542
 5616
 8468
 6064
 6149
 3964
 931
 4693
 857
 7617
 1501
 3532
 2999
 19
 2342
 6505
 3614
 7681
 9886
 9575
 7104
 2459
 2554
 1914
 1808
 1985
 6309
 4178
 9899
 5565
 6787
 7059
 4588
 9027
 2502
 4291
 5803
 4936
 9109
 4996
 662
 9345
 7961
 9363
 2659
 3198
 6826
 2719
 8644
 9543
 9370
 6910
 3068
 8517
 8336
 7420
 881
 9124
 7511
 9014
 2402
 9127
 1240
 3846
 7531
 2717
 6582
 1615
 2791
 9411
 3480
 6604
 8581
 1706
 2060
 8132
 2718
 4314
 1786
 6785
 5046
 9735
 5447
 9713
 1345
 5315
 7163
 2461
 248
 836
 8629
 7048
 7996
 4103
 7069
 729
 6443
 9733
 202
 4349
 6368
 8437
 1862
 8102
 8751
 7715
 7406
 3817
 513
 6783
 1326
 6279
 9981
 505
 1261
 9514
 4472
 5132
 3157
 1795
 2751
 2328
 4997
 8321
 5378
 8756
 9370
 612
 8035
 9827
 156
 2002
 7887
 9991
 213
 5962
 9948
 9236
 2135
 3592
 7172
 9254
 1534
 2201
 9712
 2949
 2788
 2111
 8777
 4408
 2420
 839
 3099
 1048
 5857
 9912
 9804
 1047
 9688
 4287
 6427
 1600
 8834
 1129
 1420
 1744
 6479
 1776
 1123
 5909
 2752
 8906
 2078
 8998
 2179
 2366
 3448
 8708
 3300
 2041
 4380
 2048
 7506
 7360
 6183
 1597
 4976
 7639
 2017
 8630
 4317
 2129
 7612
 2499
 8694
 4249
 4830
 2760
 586
 9488
 3100
 687
 1359
 9943
 104
 5752
 7779
 2480
 2269
 4429
 7205
 9808
 9655
 2811
 181
 4248
 4296
 8046
 7257
 3284
 2089
 555
 7698
 5171
 7758
 9444
 7791
 5385
 9773
 104
 8912
 8161
 1344
 4297
 125
 2855
 2681
 8946
 6536
 3365
 1894
 5609
 1744
 188
 4005
 2225
 1431
 6741
 1609
 3315
 2134
 2904
 5581
 1102
 1792
 1261
 7672
 972
 7013
 1762
 627
 9463
 4280
 7517
 1495
 1852
 4050
 8065
 5034
 6638
 3096
 8198
 8219
 1054
 8683
 1156
 5084
 1674
 1455
 7968
 6928
 868
 2942
 8523
 3541
 3173
 5005
 1671
 2803
 626
 5615
 3180
 6629
 685
 8729
 1322
 1064
 5166
 3735
 4735
 5106
 4884
 4093
 5275
 1781
 118
 6463
 498
 7108
 543
 1365
 3409
 9237
 1946
 313
 901
 1880
 2138
 6659
 4489
 8775
 3566
 151
 4335
 1438
 4387
 3517
 6769
 4972
 7673
 9842
 759
 170
 8362
 8141
 779
 4988
 9929
 8053
 9196
 2550
 4072
 9793
 6432
 2162
 9404
 4943
 606
 927
 293
 6361
 8458
 315
 7192
 4
 2498
 3572
 1503
 1883
 633
 8315
 6117
 1405
 2
 218
 1450
 4770
 3248
 423
 3693
 9251
 4203
 2138
 2731
 1818
 2757
 6732
 1107
 1432
 333
 5873
 6860
 1862
 1908
 7863
 7753
 2926
 5374
 1503
 6508
 7979
 7580
 2523
 2248
 286
 6136
 1801
 8219
 5491
 6336
 8079
 700
 6995
 2278
 391
 1154
 8971
 3223
 3085
 5462
 3372
 891
 7399
 5225
 8436
 3821
 5428
 2040
 9502
 7708
 5800
 6959
 7941
 4624
 7511
 9436
 5647
 496
 5264
 6902
 1032
 6052
 9820
 2478
 2747
 615
 2854
 900
 1993
 3791
 9837
 2493
 3795
 752
 4440
 8467
 2266
 2766
 2730
 4622
 7610
 4674
 6983
 5650
 9889
 6670
 6757
 521
 7782
 4228
 902
 2658
 8568
 6292
 2149
 4937
 9109
 7908
 8862
 3225
 8077
 2774
 6404
 4464
 7493
 9892
 2493
 6595
 8752
 5199
 8592
 1681
 6267
 1256
 4899
 9532
 2856
 974
 9454
 2725
 4285
 1674
 1108
 343
 4493
 3303
 4514
 3463
 5976
 9895
 472
 3546
 6399
 6369
 681
 2488
 7627
 2559
 9774
 6544
 8046
 9927
 7551
 1644
 4553
 5640
 4884
 8021
 3392
 7144
 3897
 1050
 1115
 1451
 3761
 1742
 7182
 1223
 5468
 5055
 1612
 2742
 9068
 6974
 2583
 3131
 9668
 5452
 7419
 8968
 6594
 4946
 1212
 8112
 7711
 9012
 1613
 7512
 6068
 9158
 8962
 2676
 5791
 1039
 1528
 5375
 7766
 29
 5923
 6538
 3739
 7258
 1577
 6889
 1521
 2782
 1470
 9499
 7774
 5556
 8462
 8073
 5986
 9825
 1298
 4336
 2887
 4371
 493
 5298
 8600
 3446
 6247
 2953
 1015
 1549
 2684
 2302
 5818
 9150
 4757
 857
 2694
 5391
 2567
 1514
 8495
 9936
 4346
 1496
 9583
 1081
 2413
 3096
 2005
 4438
 3336
 10000
 5999
 6080
 3235
 1692
 891
 8317
 6677
 176
 90
 1979
 3503
 4287
 8870
 3369
 6938
 8140
 342
 854
 8574
 4527
 8912
 1566
 7252
 3035
 6014
 5314
 3759
 3230
 5268
 664
 3270
 1624
 2912
 5811
 5781
 9823
 2371
 8132
 5365
 4433
 2639
 7809
 4041
 428
 6130
 4949
 6635
 235
 2098
 8359
 9190
 5346
 5481
 3264
 4373
 3148
 3700
 391
 2587
 6402
 1878
 2848
 1797
 6383
 8594
 5781
 4141
 2626
 1800
 4178
 1104
 3700
 1231
 5063
 4418
 3019
 6133
 314
 2768
 4109
 5251
 7627
 6839
 2121
 1941
 4780
 4644
 5987
 1144
 6225
 4587
 4814
 1732
 2260
 523
 1039
 8188
 1517
 9921
 9007
 5123
 1903
 2973
 1073
 306
 310
 354
 5861
 2904
 5584
 706
 9084
 2801
 2761
 9545
 4509
 3049
 2796
 8984
 8055
 1491
 8807
 9973
 3864
 5749
 7102
 1345
 4702
 1479
 4627
 4795
 3836
 380
 1988
 8195
 3695
 15
 661
 7633
 4257
 8722
 1040
 7799
 9598
 4083
 4570
 8164
 901
 9056
 920
 9227
 977
 5292
 1905
 2867
 8761
 338
 9734
 1536
 9909
 2890
 1727
 6034
 3490
 3866
 3736
 5980
 439
 1311
 4844
 7640
 2249
 2428
 1121
 2313
 5212
 8609
 1012
 3617
 2891
 6768
 9686
 6420
 4266
 508
 2600
 4684
 2377
 4003
 2210
 5887
 3244
 7022
 8282
 974
 1385
 7366
 8915
 4751
 8689
 857
 1060
 4589
 2611
 1117
 8267
 7262
 606
 532
 5058
 5190
 1877
 4017
 9328
 9131
 7016
 6971
 4051
 2440
 1856
 5199
 3516
 5637
 7482
 7578
 4763
 8087
 5833
 9223
 686
 2148
 9253
 7190
 1892
 8298
 6856
 142
 8007
 2112
 5579
 1412
 217
 9469
 5228
 9660
 1469
 1303
 6211
 7456
 9962
 3215
 1382
 8943
 2332
 5708
 6681
 1207
 491
 373
 489
 6038
 7440
 9491
 8059
 1789
 9396
 1413
 8000
 4183
 3868
 5542
 2285
 4680
 3315
 4172
 9048
 5273
 5734
 4402
 1189
 1075
 1813
 5225
 5570
 8506
 1496
 8539
 3855
 6429
 8097
 9200
 9443
 8203
 1729
 84
 619
 2471
 7245
 6648
 563
 7871
 3538
 2679
 762
 6713
 22
 4317
 8177
 7295
 7602
 6339
 1940
 9886
 7165
 1214
 541
 953
 778
 4713
 3301
 9171
 2453
 8768
 8285
 7133
 7497
 9215
 332
 7228
 6886
 2313
 7801
 7934
 8865
 637
 635
 2991
 5485
 518
 6191
 2119
 5017
 1475
 8042
 582
 6889
 2294
 1151
 4372
 6873
 2336
 5507
 7234
 47
 6109
 1344
 9732
 1153
 3084
 8487
 4227
 8615
 2322
 8937
 1054
 1394
 7439
 4952
 1937
 9229
 8993
 3705
 9929
 2851
 6152
 1421
 7270
 9634
 5178
 2064
 2338
 6174
 423
 545
 4129
 5144
 1087
 4452
 6697
 1568
 2643
 5956
 7972
 2201
 7882
 4701
 3236
 2364
 1397
 808
 8311
 5792
 3253
 1768
 4699
 2905
 395
 4662
 3156
 126
 1104
 72
 7755
 2000
 2742
 8071
 6937
 8087
 1935
 4944
 5284
 3471
 2524
 5963
 8681
 4563
 4105
 7323
 5979
 7176
 8967
 8725
 2586
 5790
 5178
 8468
 1432
 3906
 3444
 2700
 7160
 6407
 5217
 7310
 6248
 9063
 9509
 1164
 1217
 6996
 1411
 6126
 5468
 4052
 9344
 5155
 8439
 2093
 7862
 7771
 7337
 5389
 8589
 1573
 4338
 7613
 2247
 7861
 7846
 1510
 2059
 57
 4539
 1525
 9958
 9115
 1
 75
 1852
 5257
 6098
 6072
 644
 2804
 1018
 2969
 3397
 9766
 1209
 2800
 7163
 8519
 854
 1795
 7919
 1809
 3318
 5735
 9238
 9971
 3758
 1070
 5609
 7443
 6261
 142
 597
 9560
 9453
 3605
 3955
 5366
 3651
 4522
 9131
 8523
 2261
 5734
 2500
 8378
 3893
 9698
 79
 8006
 6635
 9810
 1061
 2545
 3919
 7939
 9294
 4629
 1703
 9329
 6516
 6851
 9629
 1932
 3544
 1450
 6069
 6220
 5379
 7163
 6126
 5939
 8126
 5563
 6710
 5857
 2614
 7464
 5267
 1886
 282
 3407
 7504
 5315
 4104
 9245
 5172
 9786
 5624
 2100
 777
 5495
 5350
 6465
 2124
 2647
 6965
 4636
 5104
 344
 3202
 1440
 9336
 3385
 5559
 475
 9509
 8244
 7217
 1384
 1516
 1769
 4277
 1707
 2844
 1117
 9582
 2492
 750
 146
 4266
 4152
 8334
 2937
 7429
 4053
 1401
 5813
 166
 9397
 71
 3634
 5417
 5804
 7579
 8774
 1117
 5781
 2985
 7495
 7935
 8545
 696
 9533
 8630
 4786
 5832
 4185
 6480
 7992
 7269
 1205
 2397
 6825
 2748
 7486
 4523
 9734
 4221
 3808
 8050
 284
 5506
 673
 2001
 1288
 1487
 7329
 5623
 2735
 1563
 9600
 3911
 6317
 6574
 1441
 8278
 4332
 2363
 1181
 5767
 6567
 7680
 8459
 8953
 2127
 651
 6366
 7615
 1518
 4751
 6783
 48
 6122
 6968
 7438
 4912
 8508
 7403
 4819
 9967
 1330
 9618
 8553
 736
 3346
 9255
 4301
 8221
 768
 7662
 8467
 2089
 1394
 7879
 7947
 6774
 3570
 5236
 3730
 1369
 9763
 104
 8203
 6730
 3399
 1041
 2367
 7024
 3200
 5240
 4787
 7868
 1366
 855
 4201
 7684
 1705
 9018
 8234
 1828
 488
 2440
 1027
 4848
 769
 8403
 9021
 5997
 633
 7950
 6193
 7968
 5486
 960
 2075
 1495
 1179
 8103
 830
 5959
 1756
 622
 9625
 1414
 7539
 1
 1625
 6010
 8586
 784
 1135
 6993
 1386
 8434
 1843
 7123
 875
 4428
 8809
 9588
 7069
 1267
 4531
 7742
 6519
 3710
 5719
 2271
 6189
 1247
 2354
 5791
 7383
 3812
 2269
 7221
 7120
 1737
 7296
 8954
 5229
 4112
 2516
 2750
 2863
 3939
 2525
 1209
 250
 5769
 6056
 1653
 2598
 5912
 3680
 8538
 1349
 9387
 9768
 6426
 7735
 8436
 3396
 7039
 1179
 9714
 3432
 5809
 5047
 8374
 150
 3436
 1833
 8739
 1362
 8193
 287
 9973
 7144
 1388
 9780
 2419
 1745
 8054
 1212
 6407
 1041
 9116
 818
 8126
 5396
 7552
 2783
 2043
 5643
 9438
 9358
 2337
 2673
 4994
 8830
 9409
 3283
 2824
 2648
 6272
 1040
 788
 3297
 4109
 1165
 2851
 1010
 6242
 2940
 8561
 102
 1064
 5405
 2988
 5348
 5776
 9861
 5913
 8110
 9311
 6639
 4710
 489
 6937
 4561
 5424
 3646
 898
 9488
 5238
 2576
 5729
 9926
 2526
 7503
 4949
 5283
 8310
 2300
 6509
 17
 237
 734
 3683
 797
 7347
 1556
 56
 5427
 9070
 924
 198
 9161
 1022
 1028
 9569
 5279
 3348
 4479
 2688
 2948
 2478
 8874
 3531
 2477
 3766
 15
 6581
 1586
 1389
 5433
 9900
 6665
 8514
 3306
 1855
 2632
 1367
 106
 7791
 3205
 181
 5473
 8456
 144
 222
 2550
 9234
 483
 7844
 9512
 7348
 312
 8329
 3917
 744
 8156
 470
 3914
 2421
 9090
 7696
 1779
 4968
 4348
 3351
 2291
 1428
 6022
 673
 5086
 4284
 2083
 9703
 1972
 8863
 684
 1678
 6217
 2340
 2981
 3593
 5667
 4005
 7922
 253
 2435
 3072
 8043
 1429
 9320
 1371
 9276
 2055
 5056
 441
 608
 1382
 9825
 4811
 7471
 7337
 4631
 1176
 4261
 1997
 9374
 7216
 7109
 2902
 3843
 7165
 2286
 2572
 6902
 5580
 7981
 7699
 7042
 3626
 994
 5499
 9553
 594
 5015
 2970
 9641
 9686
 767
 998
 619
 7132
 8716
 8184
 302
 283
 8020
 8717
 903
 7573
 7140
 8927
 6829
 2168
 5061
 7891
 7610
 480
 3454
 6564
 5476
 159
 3642
 4368
 2204
 3808
 8876
 6465
 9494
 712
 1760
 6191
 9819
 2846
 2884
 948
 8779
 8060
 9415
 1585
 5751
 550
 2656
 5695
 4463
 4907
 7442
 9960
 1991
 906
 5935
 7494
 5055
 599
 7002
 8092
 8066
 5758
 354
 9476
 6463
 1702
 7228
 2089
 9607
 4666
 5567
 8119
 3558
 8372
 5046
 3455
 1846
 9483
 769
 6671
 1152
 8655
 4414
 7553
 4676
 4545
 6711
 9283
 6524
 1977
 8795
 9559
 2203
 9443
 5873
 8156
 7515
 7177
 729
 8348
 5368
 791
 6518
 5863
 1559
 6954
 362
 7249
 1388
 9803
 2752
 3463
 6426
 3019
 1504
 9512
 4571
 8415
 3998
 5473
 7442
 4269
 1124
 8953
 3951
 6119
 8785
 7871
 1972
 137
 2529
 2993
 6758
 5982
 9648
 2334
 6518
 2487
 8586
 8718
 2544
 4126
 1268
 5200
 6627
 552
 320
 7508
 9314
 7785
 2940
 6058
 491
 6557
 3869
 4827
 3078
 6372
 2139
 3207
 4272
 2685
 4508
 4110
 9401
 8790
 8565
 2131
 2826
 2755
 718
 6445
 4987
 9933
 4214
 1920
 4292
 2909
 4710
 8812
 8050
 3417
 8378
 3013
 9005
 862
 222
 1331
 3624
 735
 5910
 7962
 3976
 8797
 9089
 8156
 3192
 7720
 9342
 6302
 7228
 2949
 2142
 1848
 4357
 7424
 3644
 8417
 1541
 7459
 2907
 3530
 5891
 2631
 9312
 4762
 5905
 8315
 8384
 9914
 1132
 1843
 1466
 2386
 5764
 8162
 9240
 8884
 6764
 6140
 6673
 646
 1588
 8437
 483
 4710
 3334
 5054
 8544
 393
 78
 673
 8151
 7365
 9453
 3770
 1668
 3409
 1999
 217
 938
 393
 7115
 5046
 2640
 3173
 9435
 6804
 8473
 8412
 1950
 4601
 7721
 1877
 2890
 3692
 3908
 2111
 5029
 3376
 4825
 1074
 7798
 896
 6992
 6085
 9623
 3435
 1072
 5809
 7679
 2515
 5476
 5414
 4589
 9488
 7423
 4541
 4375
 6458
 6381
 8926
 7620
 8519
 3803
 4226
 470
 8898
 4970
 2267
 9596
 125
 5328
 7363
 6646
 2184
 6528
 8290
 7723
 2018
 7307
 2500
 3992
 1327
 135
 459
 5306
 5338
 9039
 8849
 6158
 5197
 5867
 8208
 1382
 496
 8705
 69
 4319
 574
 2924
 5154
 5921
 7902
 9820
 2612
 6454
 464
 2702
 948
 2111
 5398
 9854
 1538
 1571
 9109
 9130
 8302
 2522
 6556
 3800
 441
 1641
 4037
 4843
 6876
 4046
 2457
 4834
 3766
 8478
 2649
 4178
 4652
 6093
 9258
 533
 9388
 4942
 6305
 930
 8324
 7116
 6015
 5119
 3585
 1705
 4030
 9989
 8393
 5460
 2589
 1555
 5644
 1104
 8633
 70
 8377
 8994
 125
 2599
 4429
 3179
 1994
 4612
 1938
 2008
 538
 5556
 5013
 2182
 4914
 6549
 3048
 8570
 7334
 6441
 5130
 2495
 3362
 8017
 9171
 385
 6678
 2471
 1700
 7178
 3745
 6082
 1758
 4507
 9170
 5494
 2083
 5470
 1818
 8955
 9322
 8761
 1878
 3743
 7718
 598
 1676
 8830
 7817
 1040
 8307
 4081
 8037
 5472
 7320
 1828
 5748
 3993
 318
 7485
 3368
 4849
 9846
 3498
 6133
 8673
 4592
 553
 8734
 3055
 1041
 2478
 877
 186
 4437
 2577
 7719
 3269
 3846
 4198
 927
 3368
 4445
 2465
 1690
 1747
 2457
 3353
 4996
 20
 4334
 8924
 6320
 9755
 9280
 6243
 6213
 2780
 9648
 7896
 2839
 453
 7686
 6533
 7348
 1617
 4864
 3695
 1681
 92
 8857
 1315
 3507
 4824
 9517
 1248
 3618
 4783
 8268
 597
 4922
 5402
 9502
 6044
 8213
 4353
 9030
 487
 2310
 7924
 1386
 5641
 2071
 5610
 4417
 7481
 8469
 2663
 6366
 9507
 5482
 4387
 6012
 2159
 2283
 1721
 1083
 8710
 1635
 8701
 1658
 3810
 6368
 6882
 5925
 7797
 3149
 1755
 721
 9549
 2032
 96
 5109
 535
 3316
 6052
 6843
 7761
 650
 3364
 3176
 2740
 4219
 6290
 2024
 322
 1281
 6339
 9422
 5596
 1703
 7205
 8635
 7623
 238
 8870
 6427
 7296
 7217
 7425
 8920
 6222
 1355
 7866
 4378
 9015
 2680
 1660
 2444
 3125
 7593
 3568
 5013
 6890
 2204
 3825
 1013
 8866
 2892
 2462
 6910
 6809
 7300
 4655
 5382
 6141
 266
 44
 5930
 4580
 2953
 1946
 7300
 9376
 9087
 3000
 9312
 9986
 9945
 5737
 572
 2638
 3068
 3554
 5390
 4078
 198
 2903
 4506
 9705
 2339
 5377
 1412
 6949
 2820
 2227
 5491
 5082
 8557
 6125
 9303
 2153
 9342
 1024
 6941
 3966
 4100
 1539
 8288
 3745
 6881
 8405
 6289
 7603
 1978
 644
 4378
 1655
 8175
 9021
 368
 8062
 448
 6341
 9048
 4777
 7406
 1752
 7195
 712
 7279
 496
 7980
 3912
 7350
 5481
 6330
 5485
 3635
 9954
 705
 284
 7239
 7670
 998
 6476
 9290
 8124
 2002
 2829
 5328
 2795
 7710
 6938
 5338
 8114
 2497
 8748
 1113
 7416
 598
 9839
 1432
 3583
 1649
 3448
 1627
 5726
 8595
 4439
 7762
 4527
 6988
 985
 8450
 3893
 1809
 9954
 38
 5251
 382
 8809
 7298
 5497
 6445
 5412
 729
 2192
 9928
 4246
 5983
 8521
 5979
 7046
 4385
 4544
 9326
 1281
 1571
 5591
 4273
 5715
 3850
 7504
 8585
 8002
 4396
 5322
 9402
 2044
 4853
 1089
 1589
 2194
 8940
 5215
 2197
 340
 1477
 1575
 3300
 3583
 8807
 2260
 8259
 1301
 6800
 1277
 7210
 4860
 264
 8491
 8540
 6441
 404
 9870
 5199
 3806
 3708
 2557
 170
 66
 2735
 5133
 9792
 2512
 7093
 7925
 2461
 7427
 4198
 7999
 8366
 6000
 4521
 2640
 2533
 8276
 2175
 412
 829
 1328
 2769
 196
 3979
 9826
 5990
 1345
 3094
 1638
 1466
 1318
 2377
 4652
 2748
 1153
 1878
 1756
 9511
 7490
 2141
 7383
 3876
 1935
 6365
 7664
 2813
 4327
 234
 796
 7908
 85
 9504
 9221
 5061
 7128
 7815
 2389
 2010
 8689
 6792
 3361
 3662
 5212
 1694
 9747
 1252
 1651
 8528
 3309
 8697
 127
 782
 9771
 3863
 2592
 2330
 1672
 9819
 7103
 1274
 1156
 393
 7170
 2507
 9540
 3406
 5296
 1912
 1194
 2695
 6326
 9066
 3303
 6576
 7432
 1202
 7070
 5743
 636
 1446
 3019
 6371
 1636
 5336
 9156
 2039
 6218
 2317
 815
 891
 337
 9132
 6036
 9925
 41
 3973
 7444
 2211
 8596
 5541
 3850
 644
 5719
 6487
 9952
 7400
 6291
 5852
 4422
 3782
 2548
 3359
 5359
 5165
 1241
 162
 8956
 7420
 6725
 3405
 2045
 597
 6821
 233
 1588
 6863
 3044
 7991
 7789
 7868
 3275
 5382
 4044
 2987
 2605
 6645
 1493
 2543
 754
 8005
 145
 1295
 7170
 787
 2799
 5231
 4981
 1493
 362
 9086
 7833
 931
 9242
 7185
 6163
 8408
 5581
 1633
 2025
 2440
 2359
 5985
 3471
 2756
 6008
 755
 384
 5388
 269
 395
 6608
 7429
 361
 1507
 1952
 203
 6438
 7633
 2322
 2968
 646
 6182
 9229
 4022
 5983
 888
 3091
 6594
 3558
 8562
 4337
 1761
 7099
 1386
 2902
 855
 1750
 2276
 9496
 5125
 5552
 5797
 292
 1299
 5574
 475
 5844
 5711
 9833
 8187
 6774
 8404
 4857
 6218
 6570
 2831
 3
 6688
 2988
 7902
 4376
 970
 6067
 346
 416
 5343
 5945
 1350
 4895
 5942
 1885
 3752
 9079
 38
 7829
 5896
 5758
 5389
 2071
 8598
 706
 3621
 5274
 7953
 1354
 9540
 5320
 8533
 4270
 4947
 823
 5621
 202
 6081
 2041
 7450
 9343
 1112
 6560
 3946
 4074
 1281
 8230
 2956
 3977
 852
 8668
 3211
 9739
 739
 7057
 6713
 6472
 951
 7110
 7478
 4577
 9322
 8607
 7793
 4841
 3543
 3916
 9374
 3748
 1183
 5817
 9513
 6142
 94
 9363
 9594
 1232
 653
 2412
 2682
 3071
 6265
 3537
 1572
 6885
 3843
 7034
 8927
 5939
 9801
 3921
 4716
 6743
 1574
 6599
 9371
 8539
 6806
 3011
 1730
 1038
 9164
 5228
 2304
 8
 9511
 3017
 5583
 1624
 946
 2583
 6665
 8879
 6907
 2124
 2253
 7106
 7623
 5897
 2369
 5916
 2852
 5237
 2042
 3379
 5134
 967
 9210
 812
 5510
 5668
 9897
 1409
 208
 1306
 9847
 1522
 6428
 5148
 2145
 1050
 5720
 1167
 6898
 5315
 3700
 8164
 5628
 6396
 598
 4584
 727
 9066
 3694
 168
 9241
 3325
 4444
 3816
 8118
 9573
 2417
 7334
 5722
 1972
 5636
 6587
 7189
 966
 966
 7426
 1383
 8622
 7528
 1020
 1932
 5986
 8475
 6051
 7785
 1290
 8583
 2765
 3176
 517
 2369
 1251
 3504
 8734
 6775
 4291
 4089
 6893
 6734
 5810
 8462
 3152
 4062
 646
 3171
 1083
 1387
 6644
 7273
 6765
 5592
 4805
 272
 4197
 7815
 2527
 3917
 6101
 8532
 6081
 9916
 2326
 6435
 5070
 6664
 6764
 9463
 3037
 9976
 9004
 4117
 9552
 2012
 4219
 2471
 725
 2121
 3241
 709
 3018
 2272
 1214
 3665
 5620
 5286
 7411
 1986
 6689
 3856
 3988
 1924
 7212
 4941
 6244
 1598
 1633
 5192
 6194
 8212
 3905
 8590
 7371
 4973
 6600
 7677
 6687
 7912
 6638
 4926
 4040
 1163
 811
 9636
 2713
 3868
 831
 293
 2788
 3235
 5520
 7609
 8655
 4143
 9269
 3264
 8183
 8312
 531
 2969
 3573
 1558
 5014
 6529
 4848
 7856
 7346
 8632
 3684
 3031
 3098
 730
 8705
 5892
 4945
 1100
 3623
 8383
 9311
 2406
 1649
 7490
 3894
 7056
 4351
 7869
 5174
 8160
 8216
 3483
 9245
 1283
 5999
 5333
 451
 4185
 3990
 1605
 2838
 998
 3344
 542
 161
 6934
 7692
 2794
 5458
 4737
 4079
 2228
 3132
 5296
 5008
 5431
 3498
 7023
 5866
 5846
 8277
 3923
 8878
 3230
 4839
 525
 6647
 6505
 8577
 2975
 1506
 3204
 6475
 9999
 9885
 1523
 5546
 4730
 2847
 8980
 1975
 1563
 1993
 1553
 1405
 5356
 812
 8650
 9443
 1435
 1306
 9186
 6203
 1409
 6865
 2889
 7801
 9568
 9238
 2106
 952
 2571
 3806
 4389
 4010
 1034
 8067
 7120
 1247
 1869
 5716
 5242
 4776
 7233
 6894
 7040
 6444
 2769
 1162
 3491
 890
 8863
 7623
 4602
 5312
 1427
 8570
 1476
 5435
 8083
 5266
 2000
 8944
 900
 6993
 6113
 1851
 1375
 3192
 1308
 758
 3288
 7538
 4356
 6492
 2043
 549
 4968
 7599
 4280
 7860
 2747
 423
 3585
 4008
 6100
 3467
 9648
 7311
 2759
 2933
 4223
 7845
 8884
 4353
 2450
 5795
 238
 3222
 4008
 9414
 6431
 776
 8786
 3714
 5546
 4877
 8162
 6342
 9985
 4655
 9352
 2401
 8424
 2977
 3449
 5733
 6057
 7270
 1698
 571
 1418
 606
 5243
 5095
 3820
 482
 2735
 173
 3381
 2002
 2714
 3124
 9361
 573
 884
 3803
 20
 7265
 702
 2665
 1267
 7204
 1242
 7673
 6211
 8610
 4784
 1382
 9682
 9287
 9758
 5523
 2421
 1119
 5808
 8446
 7937
 4908
 5520
 7014
 1375
 1657
 2528
 2331
 8106
 1549
 5893
 2597
 2666
 4417
 6646
 3991
 1894
 8037
 6998
 1797
 6549
 9728
 7486
 2852
 9477
 6359
 1503
 3505
 8880
 5024
 7989
 2644
 2428
 1175
 2832
 7366
 6498
 9073
 2048
 2818
 3506
 447
 8382
 744
 7588
 6677
 387
 5335
 9474
 8684
 1923
 8748
 6324
 6628
 7162
 2582
 9084
 6830
 1162
 1084
 3123
 2457
 1267
 2977
 6851
 1563
 6021
 6438
 7480
 5187
 2818
 913
 6465
 4444
 9479
 2429
 874
 9509
 956
 5026
 9983
 4943
 9578
 502
 1642
 9190
 8525
 788
 4973
 9476
 3994
 684
 9463
 4210
 1458
 811
 3600
 7088
 6391
 4669
 2263
 1591
 1023
 9024
 3487
 2221
 5799
 9387
 2293
 3496
 7562
 1935
 2229
 1351
 82
 428
 9517
 7950
 6462
 9303
 914
 2880
 741
 2730
 1426
 3426
 5625
 5292
 5130
 5805
 4575
 1123
 777
 4996
 4719
 7336
 1140
 6727
 7751
 6890
 6363
 4344
 1285
 5478
 5084
 8412
 1812
 1589
 7255
 5795
 3270
 2198
 9042
 1596
 8707
 3501
 8989
 8370
 4401
 8876
 2265
 8972
 2229
 2865
 6628
 7236
 7673
 2112
 7128
 1349
 6766
 1603
 1286
 107
 5076
 6687
 5788
 8134
 6935
 1209
 3070
 7967
 348
 2393
 7092
 8910
 685
 7277
 5809
 9658
 8593
 7329
 5892
 9347
 3728
 46
 5410
 6957
 9989
 2928
 6451
 2046
 9765
 1581
 1708
 6730
 7599
 6067
 1646
 4028
 340
 6209
 7164
 7592
 2041
 3352
 7330
 4079
 8795
 2499
 5828
 3026
 3650
 9733
 9733
 8427
 5545
 3586
 9162
 9000
 9181
 7137
 4174
 2441
 2995
 112
 7031
 2509
 6623
 2969
 5560
 1111
 6243
 436
 3416
 2919
 1797
 1852
 5923
 6166
 5108
 6230
 8368
 2098
 5196
 5711
 339
 6443
 6871
 3030
 9140
 5021
 2935
 2634
 9263
 431
 961
 7413
 333
 3627
 7324
 57
 499
 7600
 7115
 4666
 458
 4548
 8775
 2444
 6335
 7437
 1025
 6302
 268
 2850
 726
 2664
 5398
 7901
 7923
 385
 5816
 4564
 3579
 8932
 5216
 2648
 3655
 2323
 3912
 8622
 2285
 540
 568
 3212
 6453
 6603
 7834
 5430
 5704
 8529
 7630
 6122
 8969
 9172
 2047
 6377
 2376
 2375
 7126
 3271
 8245
 6283
 8878
 2292
 5314
 549
 3895
 2764
 396
 4450
 9279
 8380
 1499
 8169
 1630
 4710
 6008
 3648
 2608
 1943
 3791
 8514
 8936
 7495
 4085
 991
 6211
 6128
 5227
 3332
 6107
 1762
 7332
 9356
 8926
 2455
 2515
 2551
 7230
 2115
 3225
 6491
 9930
 1678
 1294
 8
 684
 9285
 4093
 4592
 9988
 4509
 581
 6887
 7749
 5562
 3612
 2071
 1711
 6207
 695
 8407
 221
 6854
 1240
 9629
 6848
 2723
 6967
 6081
 2748
 9076
 741
 9141
 7504
 2412
 6477
 3666
 7564
 8400
 4507
 692
 5470
 6977
 3793
 1448
 1630
 7531
 4743
 5188
 1179
 302
 5907
 5481
 1253
 7995
 9818
 1285
 1676
 4817
 9558
 2828
 808
 760
 2569
 1720
 3931
 6829
 960
 5598
 7701
 9488
 4843
 7362
 2694
 11
 8556
 542
 3737
 7652
 3998
 7279
 7535
 7220
 4328
 1281
 2745
 3369
 8402
 6509
 9962
 6649
 4119
 559
 1836
 3015
 6588
 8780
 4818
 9067
 8832
 7268
 1055
 7021
 948
 9716
 7285
 7699
 1869
 5824
 63
 6140
 6152
 9439
 1843
 3659
 5133
 4775
 9378
 2663
 3351
 3339
 6403
 178
 6355
 4818
 159
 425
 1703
 9034
 9453
 2844
 517
 6220
 1489
 8671
 7999
 7026
 4081
 944
 5373
 6726
 6665
 4714
 4238
 7997
 7151
 5897
 3835
 9316
 8665
 9838
 7586
 2281
 3213
 789
 9377
 4462
 1865
 1846
 609
 2585
 1877
 2537
 4918
 7775
 165
 846
 8356
 1027
 7139
 1307
 6420
 1529
 7965
 1063
 5079
 7904
 2955
 8103
 8890
 495
 948
 9286
 9514
 7999
 9057
 3451
 938
 8889
 8642
 9334
 1491